100
1
653.258
709.877
21
43
Minotaur 150 -1079.12 -979.218
Skeleton 150 920.471 1062.42
Skeleton 200 426.079 584.693
Archer 150 -1186 -735
Goblin 150 1106.88 851.274
Skeleton 150 -826.929 -464.371
Minotaur 150 1840.34 981.748
Skeleton 150 -1094.1 -384.512
Archer 150 2034 917
Skeleton 150 972.924 928.107
Minotaur 200 -604.89 -129.559
Archer 150 1525 979
Goblin 200 334.17 507.128
Skeleton 200 821.322 873.718
Minotaur 200 -546.436 -320.207
Skeleton 150 786.359 873.616
Goblin 150 869.061 825.759
Archer 200 -1116.8 -492.514
Skeleton 100 141.298 290.639
Skeleton 150 688.513 764.221
Skeleton 50 656.97 762.079
Archer 100 -1410.33 -889.88
Goblin 50 849.811 921.544
Goblin 100 1116.9 1197.5
Minotaur 100 916.761 1186.74
Skeleton 100 662.485 782.216
Skeleton 100 752.188 947.345
Archer 100 1101.73 1418.68
Archer 100 962.578 1261.08
Skeleton 100 767.901 967.607
Minotaur 100 1060.96 1347.78
Minotaur 100 903.773 1171.22
Goblin 100 654.816 729.198
Skeleton 100 767.901 967.607
Minotaur 100 1060.96 1347.78
Minotaur 100 903.773 1171.22
Goblin 100 712.067 873.824
Archer 100 975.839 1276.5
Skeleton 100 667.925 797.46
